1924.969971
1924.23999
1927.880005
1940.459961
1949.439941
1951.27002
1950.790039
1943.890015
1930.109985
1936.160034
1937.780029
1941.98999
1956.97998
1959.47998
1962.869995
1962.609985
1949.97998
1959.530029
1957.219971
1960.959961
1960.22998
1973.319946
1974.619995
1985.439941
1977.650024
1963.709961
1972.829956
1964.680054
1967.569946
1977.099976
1973.280029
1981.569946
1958.119995
1978.219971
1973.630005
1983.530029
1987.01001
1987.97998
1978.339966
1978.910034
1969.949951
1970.069946
1930.670044
1925.150024
1938.98999
1920.209961
1920.23999
1909.569946
1931.589966
1936.920044
1933.75
1946.719971
1955.180054
1955.060059
1971.73999
1981.599976
1986.51001
1992.369995
1988.400024
1997.920044
2000.02002
2000.119995
1996.73999
2003.369995
2002.280029
2000.719971
1997.650024
2007.709961
2001.540039
1988.439941
1995.689941
1997.449951
1985.540039
1984.130005
1998.97998
2001.569946
2011.359985
2010.400024
1994.290039
1982.77002
1998.300049
1965.98999
1982.849976
1977.800049
1972.290039
1946.160034
1946.170044
1967.900024
1964.819946
1935.099976
1968.890015
1928.209961
1906.130005
1874.73999
1877.699951
1862.48999
1862.76001
1886.76001
1904.01001
1941.280029
1927.109985
1950.819946
1964.579956
1961.630005
1985.050049
1982.300049
1994.650024
2018.050049
2017.810059
2012.099976
2023.569946
2031.209961
2031.920044
2038.26001
2039.680054
2038.25
2039.329956
2039.819946
2041.319946
2051.800049
2048.719971
2052.75
2063.5
2069.409912
2067.030029
2072.830078
2067.560059
2053.439941
2066.550049
2074.330078
2071.919922
2075.370117
2060.310059
2059.820068
2026.140015
2035.329956
2002.329956
1989.630005
1972.73999
2012.890015
2061.22998
2070.649902
2078.540039
2082.169922
2081.879883
2088.77002
2090.570068
2080.350098
2058.899902
2058.199951
2020.579956
2002.609985
2025.900024
2062.139893
2044.810059
2028.26001
2023.030029
2011.27002
1992.670044
2019.420044
2022.550049
2032.119995
2063.149902
2051.820068
2057.090088
2029.550049
2002.160034
2021.25
1994.98999
2020.849976
2050.030029
2041.51001
2062.52002
2055.469971
2046.73999
2068.590088
2068.530029
2088.47998
2096.98999
2100.340088
2099.679932
2097.449951
2110.300049
2109.659912
2115.47998
2113.860107
2110.73999
2104.5
2117.389893
2107.780029
2098.530029
2101.040039
2071.26001
2079.429932
2044.160034
2040.23999
2065.949951
2053.399902
2081.189941
2074.280029
2099.5
2089.27002
2108.100098
2104.419922
2091.5
2061.050049
2056.149902
2061.02002
2086.23999
2067.889893
2059.689941
2066.959961
2080.620117
2076.330078
2081.899902
2091.179932
2102.060059
2092.429932
2095.840088
2106.629883
2104.98999
2081.179932
2100.399902
2097.290039
2107.959961
2112.929932
2117.689941
2108.919922
2114.76001
2106.850098
2085.51001
2108.290039
2114.48999
2089.459961
2080.149902
2088
2116.100098
2105.330078
2099.120117
2098.47998
2121.100098
2122.72998
2129.199951
2127.830078
2125.850098
2130.820068
2126.060059
2104.199951
2123.47998
2120.790039
2107.389893
2111.72998
2109.600098
2114.070068
2095.840088
2092.830078
2079.280029
2080.149902
2105.199951
2108.860107
2094.110107
2084.429932
2096.290039
2100.439941
2121.23999
2109.98999
2122.850098
2124.199951
2108.580078
2102.310059
2101.48999
2057.639893
2063.110107
2077.419922
2076.780029
2068.76001
2081.340088
2046.680054
2051.310059
2076.620117
2099.600098
2108.949951
2107.399902
2124.290039
2126.639893
2128.280029
2119.209961
2114.149902
2102.149902
2079.649902
2067.639893
2093.25
2108.570068
2108.629883
2103.840088
2098.040039
2093.320068
2099.840088
2083.560059
2077.570068
2104.179932
2084.070068
2086.050049
2083.389893
2091.540039
2102.439941
2096.919922
2079.610107
2035.72998
1970.890015
1893.209961
1867.609985
1940.51001
1987.660034
1988.869995
1972.180054
1913.849976
1948.859985
1951.130005
1921.219971
1969.410034
1942.040039
1952.290039
1961.050049
1953.030029
1978.089966
1995.310059
1990.199951
1958.030029
1966.969971
1942.73999
1938.76001
1932.23999
1931.339966
1881.77002
1884.089966
1920.030029
1923.819946
1951.359985
1987.050049
1979.920044
1995.829956
2013.430054
2014.890015
2017.459961
2003.689941
1994.23999
2023.859985
2033.109985
2033.660034
2030.77002
2018.939941
2052.51001
2075.149902
2071.179932
2065.889893
2090.350098
2089.409912
2079.360107
2104.050049
2109.790039
2102.310059
2099.929932
2099.199951
2078.580078
2081.719971
2075
2045.969971
2023.040039
2053.189941
2050.439941
2083.580078
2081.23999
2089.169922
2086.590088
2089.139893
2088.870117
2090.110107
2080.409912
2102.629883
2079.51001
2049.620117
2091.689941
2077.070068
2063.590088
2047.619995
2052.22998
2012.369995
2021.939941
2043.410034
2073.070068
2041.890015
2005.550049
2021.150024
2038.969971
2064.290039
2060.98999
2056.5
2078.360107
2063.360107
2043.939941
2012.660034
2016.709961
1990.26001
1943.089966
1922.030029
1923.670044
1938.680054
1890.280029
1921.839966
1880.329956
1881.329956
1859.329956
1868.98999
1906.900024
1877.079956
1903.630005
1882.949951
1893.359985
1940.23999
1939.380005
1903.030029
1912.530029
1915.449951
1880.050049
1853.439941
1852.209961
1851.859985
1829.079956
1864.780029
1895.579956
1926.819946
1917.829956
1917.780029
1945.5
1921.27002
1929.800049
1951.699951
1948.050049
1932.22998
1978.349976
1986.449951
1993.400024
1999.98999
2001.76001
1979.26001
1989.26001
1989.569946
2022.189941
2019.640015
2015.930054
2027.219971
2040.589966
2049.580078
2051.600098
2049.800049
2036.709961
2035.939941
2037.050049
2055.01001
2063.949951
2059.73999
2072.780029
2066.129883
2045.170044
2066.659912
2041.910034
2047.599976
2041.98999
2061.719971
2082.419922
2082.780029
2080.72998
2094.340088
2100.800049
2102.399902
2091.47998
2091.580078
2087.790039
2091.699951
2095.149902
2075.810059
2065.300049
2081.429932
2063.370117
2051.120117
2050.629883
2057.139893
2058.689941
2084.389893
2064.459961
2064.110107
2046.609985
2066.659912
2047.209961
2047.630005
2040.040039
2052.320068
2048.040039
2076.060059
2090.540039
2090.100098
2099.060059
2096.949951
2099.330078
2105.26001
2099.129883
2109.409912
2112.129883
2119.120117
2115.47998
2096.070068
2079.060059
2075.320068
2071.5
2077.98999
2071.219971
2083.25
2088.899902
2085.449951
2113.320068
2037.410034
2000.540039
2036.089966
2070.77002
2098.860107
2102.949951
2088.550049
2099.72998
2097.899902
2129.899902
2137.159912
2152.139893
2152.429932
2163.75
2161.73999
2166.889893
2163.780029
2173.02002
2165.169922
2175.030029
2168.47998
2169.179932
2166.580078
2170.060059
2173.600098
2170.840088
2157.030029
2163.790039
2164.25
2182.870117
2180.889893
2181.73999
2175.48999
2185.790039
2184.050049
2190.149902
2178.149902
2182.219971
2187.02002
2183.870117
2182.639893
2186.899902
2175.439941
2172.469971
2169.040039
2180.379883
2176.120117
2170.949951
2170.860107
2179.97998
2186.47998
2186.159912
2181.300049
2127.810059
2159.040039
2127.02002
2125.77002
2147.26001
2139.159912
2139.120117
2139.76001
2163.120117
2177.179932
2164.689941
2146.100098
2159.929932
2171.370117
2151.129883
2168.27002
2161.199951
2150.48999
2159.72998
2160.77002
2153.73999
2163.659912
2136.72998
2139.179932
2132.550049
2132.97998
2126.5
2139.600098
2144.290039
2141.340088
2141.159912
2151.330078
2143.159912
2139.429932
2133.040039
2126.409912
2126.149902
2111.719971
2097.939941
2088.659912
2085.179932
2131.52002
2139.560059
2163.26001
2167.47998
2164.449951
2164.199951
2180.389893
2176.939941
2187.120117
2181.899902
2198.179932
2202.939941
2204.719971
2213.350098
2201.719971
2204.659912
2198.810059
2191.080078
2191.949951
2204.709961
2212.22998
2241.350098
2246.189941
2259.530029
2256.959961
2271.719971
2253.280029
2262.030029
2258.070068
2262.530029
2270.76001
2265.179932
2260.959961
2263.790039
2268.879883
2249.919922
2249.26001
2238.830078
2257.830078
2270.75
2269
2276.97998
2268.899902
2268.899902
2275.320068
2270.439941
2274.639893
2267.889893
2271.889893
2263.689941
2271.310059
2265.199951
2280.070068
2298.370117
2296.679932
2294.689941
2280.899902
2278.870117
2279.550049
2280.850098
2297.419922
2292.560059
2293.080078
2294.669922
2307.870117
2316.100098
2328.25
2337.580078
2349.25
2347.219971
2351.159912
2365.379883
2362.820068
2363.810059
2367.340088
2369.75
2363.639893
2395.959961
2381.919922
2383.120117
2375.310059
2368.389893
2362.97998
2364.870117
2372.600098
2373.469971
2365.449951
2385.26001
2381.379883
2378.25
2373.469971
2344.02002
2348.449951
2345.959961
2343.97998
2341.590088
2358.570068
2361.129883
2368.060059
2362.719971
2358.840088
2360.159912
2352.949951
2357.48999
2355.540039
2357.159912
2353.780029
2344.929932
2328.949951
2349.01001
2342.189941
2338.169922
2355.840088
2348.689941
2374.149902
2388.610107
2387.449951
2388.77002
2384.199951
2388.330078
2391.169922
2388.129883
2389.52002
2399.290039
2399.379883
2396.919922
2399.629883
2394.439941
2390.899902
2402.320068
2400.669922
2357.030029
2365.719971
2381.72998
2394.02002
2398.419922
2404.389893
2415.070068
2415.820068
2412.909912
2411.800049
2430.060059
2439.070068
2436.100098
2429.330078
2433.139893
2433.790039
2431.77002
2429.389893
2440.350098
2437.919922
2432.459961
2433.149902
2453.459961
2437.030029
2435.610107
2434.5
2438.300049
2439.070068
2419.379883
2440.689941
2419.699951
2423.409912
2429.01001
2432.540039
2409.75
2425.179932
2427.429932
2425.530029
2443.25
2447.830078
2459.27002
2459.139893
2460.610107
2473.830078
2473.449951
2472.540039
2469.909912
2477.129883
2477.830078
2475.419922
2472.100098
2470.300049
2476.350098
2477.570068
2472.159912
2476.830078
2480.909912
2474.919922
2474.02002
2438.209961
2441.320068
2465.840088
2464.610107
2468.110107
2430.01001
2425.550049
2428.370117
2452.51001
2444.040039
2438.969971
2443.050049
2444.23999
2446.300049
2457.590088
2471.649902
2476.550049
2457.850098
2465.540039
2465.100098
2461.429932
2488.110107
2496.47998
2498.370117
2495.620117
2500.22998
2503.870117
2506.649902
2508.23999
2500.600098
2502.219971
2496.659912
2496.840088
2507.040039
2510.060059
2519.360107
2529.120117
2534.580078
2537.73999
2552.070068
2549.330078
2544.72998
2550.639893
2555.23999
2550.929932
2553.169922
2557.639893
2559.360107
2561.26001
2562.100098
2575.209961
2564.97998
2569.129883
2557.149902
2560.399902
2581.070068
2572.830078
2575.26001
2579.360107
2579.850098
2587.840088
2591.129883
2590.639893
2594.379883
2584.620117
2582.300049
2584.840088
2578.870117
2564.620117
2585.639893
2578.850098
2582.139893
2599.030029
2597.080078
2602.419922
2601.419922
2627.040039
2626.070068
2647.580078
2642.219971
2639.439941
2629.570068
2629.27002
2636.97998
2651.5
2659.98999
2664.110107
2662.850098
2652.01001
2675.810059
2690.159912
2681.469971
2679.25
2684.570068
2683.340088
2680.5
2682.620117
2687.540039
2673.610107
2695.810059
2713.060059
2723.98999
2743.149902
2747.709961
2751.290039
2748.22998
2767.560059
2786.23999
2776.419922
2802.560059
2798.030029
2810.300049
2832.969971
2839.129883
2837.540039
2839.25
2872.870117
2853.530029
2822.429932
2823.810059
2821.97998
2762.129883
2648.939941
2695.139893
2681.659912
2581
2619.550049
2656
2662.939941
2698.629883
2731.199951
2732.219971
2716.26001
2701.330078
2703.959961
2747.300049
2779.600098
2744.280029
2713.830078
2677.669922
2691.25
2720.939941
2728.120117
2726.800049
2738.969971
2786.570068
2783.02002
2765.310059
2749.47998
2747.330078
2752.01001
2712.919922
2716.939941
2711.929932
2643.689941
2588.26001
2658.550049
2612.620117
2605
2640.870117
2581.879883
2614.449951
2644.689941
2662.840088
2604.469971
2613.159912
2656.870117
2642.189941
2663.98999
2656.300049
2677.840088
2706.389893
2708.639893
2693.129883
2670.139893
2670.290039
2634.560059
2639.399902
2666.939941
2669.909912
2648.050049
2654.800049
2635.669922
2629.72998
2663.419922
2672.629883
2671.919922
2697.790039
2723.070068
2727.719971
2730.129883
2711.449951
2722.459961
2720.129883
2712.969971
2733.01001
2724.439941
2733.290039
2727.76001
2721.330078
2689.860107
2724.01001
2705.27002
2734.620117
2746.870117
2748.800049
2772.350098
2770.370117
2779.030029
2782
2786.850098
2775.629883
2782.48999
2779.659912
2773.75
2762.590088
2767.320068
2749.76001
2754.879883
2717.070068
2723.060059
2699.629883
2716.310059
2718.370117
2726.709961
2713.219971
2736.610107
2759.820068
2784.169922
2793.840088
2774.02002
2798.290039
2801.310059
2798.429932
2809.550049
2815.620117
2804.48999
2801.830078
2806.97998
2820.399902
2846.070068
2837.439941
2818.820068
2802.600098
2816.290039
2813.360107
2827.219971
2840.350098
2850.399902
2858.449951
2857.699951
2853.580078
2833.280029
2821.929932
2839.959961
2818.370117
2840.689941
2850.129883
2857.050049
2862.959961
2861.820068
2856.97998
2874.689941
2896.73999
2897.52002
2914.040039
2901.129883
2901.52002
2896.719971
2888.600098
2878.050049
2871.679932
2877.129883
2887.889893
2888.919922
2904.179932
2904.97998
2888.800049
2904.310059
2907.949951
2930.75
2929.669922
2919.370117
2915.560059
2905.969971
2914
2913.97998
2924.590088
2923.429932
2925.51001
2901.610107
2885.570068
2884.429932
2880.340088
2785.679932
2728.370117
2767.129883
2750.790039
2809.919922
2809.209961
2768.780029
2767.780029
2755.879883
2740.689941
2656.100098
2705.570068
2658.689941
2641.25
2682.629883
2711.73999
2740.370117
2723.060059
2738.310059
2755.449951
2813.889893
2806.830078
2781.01001
2726.219971
2722.179932
2701.580078
2730.199951
2736.27002
2690.72998
2641.889893
2649.929932
2632.560059
2673.449951
2682.169922
2743.790039
2737.800049
2760.169922
2790.370117
2700.060059
2695.949951
2633.080078
2637.719971
2636.780029
2651.070068
2650.540039
2599.949951
2545.939941
2546.159912
2506.959961
2467.419922
2416.620117
2351.100098
2467.699951
2488.830078
2485.73999
2506.850098
2510.030029
2447.889893
2531.939941
2549.689941
2574.409912
2584.959961
2596.639893
2596.26001
2582.610107
2610.300049
2616.100098
2635.959961
2670.709961
2632.899902
2638.699951
2642.330078
2664.76001
2643.850098
2640
2681.050049
2704.100098
2706.530029
2724.870117
2737.699951
2731.610107
2706.050049
2707.879883
2709.800049
2744.72998
2753.030029
2745.72998
2775.600098
2779.76001
2784.699951
2774.879883
2792.669922
2796.110107
2793.899902
2792.379883
2784.48999
2803.689941
2792.810059
2789.649902
2771.449951
2748.929932
2743.070068
2783.300049
2791.52002
2810.919922
2808.47998
2822.47998
2832.939941
2832.570068
2824.22998
2854.879883
2800.709961
2798.360107
2818.459961
2805.370117
2815.439941
2834.399902
2867.189941
2867.23999
2873.399902
2879.389893
2892.73999
2895.77002
2878.199951
2888.209961
2888.320068
2907.409912
2905.580078
2907.060059
2900.449951
2905.030029
2907.969971
2933.679932
2927.25
2926.169922
2939.879883
2943.030029
2945.830078
2923.72998
2917.52002
2945.639893
2932.469971
2884.050049
2879.419922
2870.719971
2881.399902
2811.870117
2834.409912
2850.959961
2876.320068
2859.530029
2840.22998
2864.360107
2856.27002
2822.23999
2826.060059
2802.389893
2783.02002
2788.860107
2752.060059